2.449489742783177881e+00
3.872983346207417021e+00
6.082762530298219339e+00
9.165151389911679658e+00
1.280624847486569706e+01
1.734935157289747210e+01
2.297825058615211447e+01
3.059411708155671050e+01
3.831448812133603354e+01
4.619523784980438563e+01
5.437830449729009530e+01
6.360031446463138138e+01
7.059036761485238287e+01
7.661592523751181716e+01
7.948584779695062252e+01
8.103702857336269005e+01
7.941662294507365516e+01
7.617742447733449751e+01
6.921704992268884382e+01
6.269768735766893997e+01
5.267826876426369154e+01
4.473253849269008242e+01
3.672873534441391286e+01
2.912043955712207222e+01
2.264950330581224947e+01
1.621727474022685556e+01
1.240967364599085698e+01
8.485281374238569541e+00
6.000000000000000000e+00
3.605551275463989125e+00
1.414213562373095145e+00
1.414213562373095145e+00
1.414213562373095145e+00
1.000000000000000000e+00
0.000000000000000000e+00
0.000000000000000000e+00
0.000000000000000000e+00
0.000000000000000000e+00
0.000000000000000000e+00
0.000000000000000000e+00
