1.100000000000000000e+01
1.300000000000000000e+01
3.100000000000000000e+01
7.200000000000000000e+01
1.510000000000000000e+02
3.140000000000000000e+02
5.150000000000000000e+02
8.970000000000000000e+02
1.493000000000000000e+03
2.126000000000000000e+03
3.082000000000000000e+03
3.945000000000000000e+03
4.968000000000000000e+03
5.741000000000000000e+03
6.303000000000000000e+03
6.514000000000000000e+03
6.201000000000000000e+03
5.703000000000000000e+03
4.953000000000000000e+03
3.894000000000000000e+03
2.858000000000000000e+03
2.088000000000000000e+03
1.339000000000000000e+03
8.160000000000000000e+02
5.160000000000000000e+02
2.680000000000000000e+02
1.680000000000000000e+02
8.200000000000000000e+01
2.900000000000000000e+01
1.500000000000000000e+01
7.000000000000000000e+00
1.000000000000000000e+00
1.000000000000000000e+00
0.000000000000000000e+00
1.000000000000000000e+00
0.000000000000000000e+00
0.000000000000000000e+00
0.000000000000000000e+00
0.000000000000000000e+00
0.000000000000000000e+00
