0.000000000000000000e+00
0.000000000000000000e+00
0.000000000000000000e+00
1.000000000000000000e+00
1.732050807568877193e+00
4.242640687119284770e+00
6.000000000000000000e+00
8.366600265340755627e+00
1.292284798332008577e+01
1.833030277982335932e+01
2.387467277262664567e+01
3.280243893371345365e+01
4.104875150354758517e+01
5.147815070493500400e+01
6.200806399170998162e+01
7.221495689952324426e+01
8.229823813423953993e+01
9.143850392476902300e+01
9.667988415384040479e+01
9.944847912361456110e+01
9.964436762808021797e+01
9.618731725128839116e+01
9.078546139112803814e+01
8.300602387778853597e+01
7.260165287374661602e+01
6.168468205316454345e+01
5.093132631298737323e+01
4.095119045888654341e+01
3.248076353782342807e+01
2.439262183530093608e+01
1.841195263952196726e+01
1.315294643796590535e+01
8.831760866327847737e+00
5.656854249492380582e+00
4.123105625617660586e+00
2.236067977499789805e+00
0.000000000000000000e+00
1.414213562373095145e+00
1.000000000000000000e+00
0.000000000000000000e+00
