0.000000000000000000e+00
0.000000000000000000e+00
1.000000000000000000e+00
0.000000000000000000e+00
1.000000000000000000e+00
1.000000000000000000e+00
1.000000000000000000e+00
1.100000000000000000e+01
1.900000000000000000e+01
3.600000000000000000e+01
5.500000000000000000e+01
9.700000000000000000e+01
1.590000000000000000e+02
2.630000000000000000e+02
3.860000000000000000e+02
5.400000000000000000e+02
6.380000000000000000e+02
8.200000000000000000e+02
9.770000000000000000e+02
9.280000000000000000e+02
1.005000000000000000e+03
8.870000000000000000e+02
8.350000000000000000e+02
7.260000000000000000e+02
5.480000000000000000e+02
4.020000000000000000e+02
2.610000000000000000e+02
1.680000000000000000e+02
1.050000000000000000e+02
6.300000000000000000e+01
3.600000000000000000e+01
1.700000000000000000e+01
6.000000000000000000e+00
4.000000000000000000e+00
2.000000000000000000e+00
1.000000000000000000e+00
0.000000000000000000e+00
0.000000000000000000e+00
0.000000000000000000e+00
1.000000000000000000e+00
