-8.536607959312316041e+01
-1.692763852982996298e+02
-3.327296750448124953e+02
-6.421669678824779339e+02
-1.191164406936367868e+03
-2.009650698558382828e+03
-2.528588935859355388e+03
-4.708922069489236151e+01
-9.274730367942431997e+01
-1.797700565174070562e+02
-3.366419096690476636e+02
-5.816910058750296457e+02
-1.755047959886525177e+01
-3.358904145984568146e+01
-6.113041196815206746e+01
-9.807014013014696729e+01
-1.347133223140495950e+01
-2.536169256198347099e+01
-4.439949752066115707e+01
-6.350344462809918156e+01
