0.000000000000000000e+00 2.911547775893379875e+00 5.823095551786759749e+00 1.164619110357351950e+01 2.329238220714703900e+01 4.658476441429407799e+01 9.316952882858815599e+01 1.029246374557773319e-01 2.058492749115546638e-01 4.116985498231093277e-01 8.233970996462186553e-01 1.646794199292437311e+00 7.115546642986744297e-04 1.423109328597348859e-03 2.846218657194697719e-03 5.692437314389395438e-03 0.000000000000000000e+00 0.000000000000000000e+00 0.000000000000000000e+00 0.000000000000000000e+00
0.000000000000000000e+00 0.000000000000000000e+00 1.164619110357351950e+01 2.329238220714703900e+01 4.658476441429407799e+01 9.316952882858815599e+01 1.863390576571763120e+02 2.058492749115546638e-01 4.116985498231093277e-01 8.233970996462186553e-01 1.646794199292437311e+00 3.293588398584874621e+00 1.423109328597348859e-03 2.846218657194697719e-03 5.692437314389395438e-03 1.138487462877879088e-02 0.000000000000000000e+00 0.000000000000000000e+00 0.000000000000000000e+00 0.000000000000000000e+00
0.000000000000000000e+00 0.000000000000000000e+00 0.000000000000000000e+00 4.658476441429407799e+01 9.316952882858815599e+01 1.863390576571763120e+02 3.726781153143526240e+02 4.116985498231093277e-01 8.233970996462186553e-01 1.646794199292437311e+00 3.293588398584874621e+00 6.587176797169749243e+00 2.846218657194697719e-03 5.692437314389395438e-03 1.138487462877879088e-02 2.276974925755758175e-02 0.000000000000000000e+00 0.000000000000000000e+00 0.000000000000000000e+00 0.000000000000000000e+00
0.000000000000000000e+00 0.000000000000000000e+00 0.000000000000000000e+00 0.000000000000000000e+00 1.863390576571763120e+02 3.726781153143526240e+02 7.453562306287052479e+02 8.233970996462186553e-01 1.646794199292437311e+00 3.293588398584874621e+00 6.587176797169749243e+00 1.317435359433949849e+01 5.692437314389395438e-03 1.138487462877879088e-02 2.276974925755758175e-02 4.553949851511516350e-02 0.000000000000000000e+00 0.000000000000000000e+00 0.000000000000000000e+00 0.000000000000000000e+00
0.000000000000000000e+00 0.000000000000000000e+00 0.000000000000000000e+00 0.000000000000000000e+00 0.000000000000000000e+00 7.453562306287052479e+02 1.490712461257410496e+03 1.646794199292437311e+00 3.293588398584874621e+00 6.587176797169749243e+00 1.317435359433949849e+01 2.634870718867899697e+01 1.138487462877879088e-02 2.276974925755758175e-02 4.553949851511516350e-02 9.107899703023032700e-02 0.000000000000000000e+00 0.000000000000000000e+00 0.000000000000000000e+00 0.000000000000000000e+00
0.000000000000000000e+00 0.000000000000000000e+00 0.000000000000000000e+00 0.000000000000000000e+00 0.000000000000000000e+00 0.000000000000000000e+00 2.981424922514820992e+03 3.293588398584874621e+00 6.587176797169749243e+00 1.317435359433949849e+01 2.634870718867899697e+01 5.269741437735799394e+01 2.276974925755758175e-02 4.553949851511516350e-02 9.107899703023032700e-02 1.821579940604606540e-01 0.000000000000000000e+00 0.000000000000000000e+00 0.000000000000000000e+00 0.000000000000000000e+00
0.000000000000000000e+00 0.000000000000000000e+00 0.000000000000000000e+00 0.000000000000000000e+00 0.000000000000000000e+00 0.000000000000000000e+00 0.000000000000000000e+00 6.587176797169749243e+00 1.317435359433949849e+01 2.634870718867899697e+01 5.269741437735799394e+01 1.053948287547159879e+02 4.553949851511516350e-02 9.107899703023032700e-02 1.821579940604606540e-01 3.643159881209213080e-01 0.000000000000000000e+00 0.000000000000000000e+00 0.000000000000000000e+00 0.000000000000000000e+00
0.000000000000000000e+00 0.000000000000000000e+00 0.000000000000000000e+00 0.000000000000000000e+00 0.000000000000000000e+00 0.000000000000000000e+00 0.000000000000000000e+00 0.000000000000000000e+00 2.862275420720802099e+00 5.724550841441604199e+00 1.144910168288320840e+01 2.289820336576641679e+01 9.939105964847533281e-02 1.987821192969506656e-01 3.975642385939013312e-01 7.951284771878026625e-01 1.820820688745216959e-04 3.641641377490433917e-04 7.283282754980867834e-04 1.456656550996173567e-03
0.000000000000000000e+00 0.000000000000000000e+00 0.000000000000000000e+00 0.000000000000000000e+00 0.000000000000000000e+00 0.000000000000000000e+00 0.000000000000000000e+00 0.000000000000000000e+00 0.000000000000000000e+00 1.144910168288320840e+01 2.289820336576641679e+01 4.579640673153283359e+01 1.987821192969506656e-01 3.975642385939013312e-01 7.951284771878026625e-01 1.590256954375605325e+00 3.641641377490433917e-04 7.283282754980867834e-04 1.456656550996173567e-03 2.913313101992347134e-03
0.000000000000000000e+00 0.000000000000000000e+00 0.000000000000000000e+00 0.000000000000000000e+00 0.000000000000000000e+00 0.000000000000000000e+00 0.000000000000000000e+00 0.000000000000000000e+00 0.000000000000000000e+00 0.000000000000000000e+00 4.579640673153283359e+01 9.159281346306566718e+01 3.975642385939013312e-01 7.951284771878026625e-01 1.590256954375605325e+00 3.180513908751210650e+00 7.283282754980867834e-04 1.456656550996173567e-03 2.913313101992347134e-03 5.826626203984694267e-03
0.000000000000000000e+00 0.000000000000000000e+00 0.000000000000000000e+00 0.000000000000000000e+00 0.000000000000000000e+00 0.000000000000000000e+00 0.000000000000000000e+00 0.000000000000000000e+00 0.000000000000000000e+00 0.000000000000000000e+00 0.000000000000000000e+00 1.831856269261313344e+02 7.951284771878026625e-01 1.590256954375605325e+00 3.180513908751210650e+00 6.361027817502421300e+00 1.456656550996173567e-03 2.913313101992347134e-03 5.826626203984694267e-03 1.165325240796938853e-02
0.000000000000000000e+00 0.000000000000000000e+00 0.000000000000000000e+00 0.000000000000000000e+00 0.000000000000000000e+00 0.000000000000000000e+00 0.000000000000000000e+00 0.000000000000000000e+00 0.000000000000000000e+00 0.000000000000000000e+00 0.000000000000000000e+00 0.000000000000000000e+00 1.590256954375605325e+00 3.180513908751210650e+00 6.361027817502421300e+00 1.272205563500484260e+01 2.913313101992347134e-03 5.826626203984694267e-03 1.165325240796938853e-02 2.330650481593877707e-02
0.000000000000000000e+00 0.000000000000000000e+00 0.000000000000000000e+00 0.000000000000000000e+00 0.000000000000000000e+00 0.000000000000000000e+00 0.000000000000000000e+00 0.000000000000000000e+00 0.000000000000000000e+00 0.000000000000000000e+00 0.000000000000000000e+00 0.000000000000000000e+00 0.000000000000000000e+00 3.023835475769646397e+00 6.047670951539292794e+00 1.209534190307858559e+01 6.257686893383715421e-02 1.251537378676743084e-01 2.503074757353486168e-01 5.006149514706972337e-01
0.000000000000000000e+00 0.000000000000000000e+00 0.000000000000000000e+00 0.000000000000000000e+00 0.000000000000000000e+00 0.000000000000000000e+00 0.000000000000000000e+00 0.000000000000000000e+00 0.000000000000000000e+00 0.000000000000000000e+00 0.000000000000000000e+00 0.000000000000000000e+00 0.000000000000000000e+00 0.000000000000000000e+00 1.209534190307858559e+01 2.419068380615717118e+01 1.251537378676743084e-01 2.503074757353486168e-01 5.006149514706972337e-01 1.001229902941394467e+00
0.000000000000000000e+00 0.000000000000000000e+00 0.000000000000000000e+00 0.000000000000000000e+00 0.000000000000000000e+00 0.000000000000000000e+00 0.000000000000000000e+00 0.000000000000000000e+00 0.000000000000000000e+00 0.000000000000000000e+00 0.000000000000000000e+00 0.000000000000000000e+00 0.000000000000000000e+00 0.000000000000000000e+00 0.000000000000000000e+00 4.838136761231434235e+01 2.503074757353486168e-01 5.006149514706972337e-01 1.001229902941394467e+00 2.002459805882788935e+00
0.000000000000000000e+00 0.000000000000000000e+00 0.000000000000000000e+00 0.000000000000000000e+00 0.000000000000000000e+00 0.000000000000000000e+00 0.000000000000000000e+00 0.000000000000000000e+00 0.000000000000000000e+00 0.000000000000000000e+00 0.000000000000000000e+00 0.000000000000000000e+00 0.000000000000000000e+00 0.000000000000000000e+00 0.000000000000000000e+00 0.000000000000000000e+00 5.006149514706972337e-01 1.001229902941394467e+00 2.002459805882788935e+00 4.004919611765577869e+00
0.000000000000000000e+00 0.000000000000000000e+00 0.000000000000000000e+00 0.000000000000000000e+00 0.000000000000000000e+00 0.000000000000000000e+00 0.000000000000000000e+00 0.000000000000000000e+00 0.000000000000000000e+00 0.000000000000000000e+00 0.000000000000000000e+00 0.000000000000000000e+00 0.000000000000000000e+00 0.000000000000000000e+00 0.000000000000000000e+00 0.000000000000000000e+00 0.000000000000000000e+00 3.161943801652892017e+00 6.323887603305784033e+00 1.264777520661156807e+01
0.000000000000000000e+00 0.000000000000000000e+00 0.000000000000000000e+00 0.000000000000000000e+00 0.000000000000000000e+00 0.000000000000000000e+00 0.000000000000000000e+00 0.000000000000000000e+00 0.000000000000000000e+00 0.000000000000000000e+00 0.000000000000000000e+00 0.000000000000000000e+00 0.000000000000000000e+00 0.000000000000000000e+00 0.000000000000000000e+00 0.000000000000000000e+00 0.000000000000000000e+00 0.000000000000000000e+00 1.264777520661156807e+01 2.529555041322313613e+01
0.000000000000000000e+00 0.000000000000000000e+00 0.000000000000000000e+00 0.000000000000000000e+00 0.000000000000000000e+00 0.000000000000000000e+00 0.000000000000000000e+00 0.000000000000000000e+00 0.000000000000000000e+00 0.000000000000000000e+00 0.000000000000000000e+00 0.000000000000000000e+00 0.000000000000000000e+00 0.000000000000000000e+00 0.000000000000000000e+00 0.000000000000000000e+00 0.000000000000000000e+00 0.000000000000000000e+00 0.000000000000000000e+00 5.059110082644627227e+01
0.000000000000000000e+00 0.000000000000000000e+00 0.000000000000000000e+00 0.000000000000000000e+00 0.000000000000000000e+00 0.000000000000000000e+00 0.000000000000000000e+00 0.000000000000000000e+00 0.000000000000000000e+00 0.000000000000000000e+00 0.000000000000000000e+00 0.000000000000000000e+00 0.000000000000000000e+00 0.000000000000000000e+00 0.000000000000000000e+00 0.000000000000000000e+00 0.000000000000000000e+00 0.000000000000000000e+00 0.000000000000000000e+00 0.000000000000000000e+00
