1.216552506059643868e+01
1.315294643796590535e+01
1.300000000000000000e+01
1.577973383805949936e+01
1.688194301613413373e+01
1.876166303929371892e+01
2.104756517984918673e+01
2.387467277262664567e+01
2.740437921208944161e+01
3.163858403911275019e+01
3.836665218650175291e+01
4.562893818619933484e+01
5.517245689653488938e+01
6.948381106416083242e+01
8.193289937503737974e+01
8.978864070694021393e+01
8.661408661412991705e+01
7.508661665037251964e+01
6.279331174575840180e+01
5.297169055259610815e+01
4.465422712353221613e+01
3.867815921162743109e+01
3.411744421846395880e+01
3.103224129836580047e+01
2.718455443813637373e+01
2.533771891863985459e+01
2.332380757938120297e+01
2.092844953645634831e+01
2.007485989988473207e+01
1.964688270438849926e+01
1.769180601295413169e+01
1.737814719698276633e+01
1.539480431834065222e+01
1.449137674618943805e+01
1.389244398944980396e+01
1.421267040355189515e+01
1.322875655532295269e+01
1.303840481040529831e+01
1.195826074310139830e+01
1.260952021291849157e+01
