1.300000000000000000e+02
1.660000000000000000e+02
1.950000000000000000e+02
1.960000000000000000e+02
2.740000000000000000e+02
3.080000000000000000e+02
4.570000000000000000e+02
5.210000000000000000e+02
7.130000000000000000e+02
9.200000000000000000e+02
1.279000000000000000e+03
1.807000000000000000e+03
2.654000000000000000e+03
4.003000000000000000e+03
5.819000000000000000e+03
7.703000000000000000e+03
7.824000000000000000e+03
6.215000000000000000e+03
4.532000000000000000e+03
3.209000000000000000e+03
2.255000000000000000e+03
1.712000000000000000e+03
1.322000000000000000e+03
9.820000000000000000e+02
8.620000000000000000e+02
6.730000000000000000e+02
5.910000000000000000e+02
5.150000000000000000e+02
4.550000000000000000e+02
3.880000000000000000e+02
3.700000000000000000e+02
3.020000000000000000e+02
2.870000000000000000e+02
2.580000000000000000e+02
2.320000000000000000e+02
2.020000000000000000e+02
1.880000000000000000e+02
1.810000000000000000e+02
1.640000000000000000e+02
1.530000000000000000e+02
1.410000000000000000e+02
