1.800000000000000000e+02
2.010000000000000000e+02
2.290000000000000000e+02
2.640000000000000000e+02
3.060000000000000000e+02
2.940000000000000000e+02
3.770000000000000000e+02
4.290000000000000000e+02
5.080000000000000000e+02
5.270000000000000000e+02
6.820000000000000000e+02
8.450000000000000000e+02
1.019000000000000000e+03
1.250000000000000000e+03
1.580000000000000000e+03
2.186000000000000000e+03
2.911000000000000000e+03
4.239000000000000000e+03
6.038000000000000000e+03
8.764000000000000000e+03
1.185800000000000000e+04
1.202200000000000000e+04
9.588000000000000000e+03
6.744000000000000000e+03
4.632000000000000000e+03
3.113000000000000000e+03
2.319000000000000000e+03
1.764000000000000000e+03
1.283000000000000000e+03
1.085000000000000000e+03
8.550000000000000000e+02
6.760000000000000000e+02
6.210000000000000000e+02
5.190000000000000000e+02
4.470000000000000000e+02
4.020000000000000000e+02
3.430000000000000000e+02
2.740000000000000000e+02
2.960000000000000000e+02
2.260000000000000000e+02
2.140000000000000000e+02
