1.296148139681572076e+01
1.486606874731850603e+01
1.529705854077835525e+01
1.532970971675589134e+01
1.737814719698276633e+01
1.827566688249706672e+01
1.974841765813149763e+01
2.114237451186597383e+01
2.247220505424423109e+01
2.461706725018234110e+01
2.756809750418044302e+01
2.963106478005810729e+01
3.228002478313794654e+01
3.705401462729781059e+01
4.319722213291035473e+01
5.102940328869229347e+01
5.860887304837041256e+01
7.070360669725413061e+01
8.694826047713662831e+01
1.024011718682945542e+02
1.126765281680261950e+02
1.058631191681031112e+02
9.024411338142782313e+01
7.431016081263719286e+01
6.181423784210236505e+01
5.096076922496362727e+01
4.439594576084622446e+01
3.839270764090493060e+01
3.469870314579494419e+01
2.959729717389748416e+01
2.727636339397171028e+01
2.555386467836127551e+01
2.323790007724450035e+01
2.073644135332772009e+01
2.046948949045872013e+01
1.811077027627483460e+01
1.827566688249706672e+01
1.596871942267131139e+01
1.476482306023340030e+01
1.435270009440732331e+01
