-4.051216946473577707e+01
-8.010096544064246871e+01
-1.565084369259686241e+02
-9.450064032484951326e+01
-1.879718128621620110e+02
-3.718257545741760168e+02
-7.271800245477601266e+02
-1.388474110693152397e+03
-2.513404467776833371e+03
-1.249949510215119091e+02
-2.485386080727585920e+02
-4.912720402644562796e+02
-9.593233770046688278e+02
-1.825763939912362957e+03
-3.279996623436827576e+03
-5.073868221322059981e+03
-1.993300613977728375e+01
-3.807318261857705721e+01
-6.897504659324404486e+01
-1.092648186108478541e+02
