0.000000000000000000e+00 1.846746977658165534e+00 3.693493955316331068e+00 6.405206673534987738e-01 1.281041334706997548e+00 2.562082669413995095e+00 5.124165338827990190e+00 1.024833067765598038e+01 2.049666135531196076e+01 0.000000000000000000e+00 0.000000000000000000e+00 0.000000000000000000e+00 0.000000000000000000e+00 0.000000000000000000e+00 0.000000000000000000e+00 0.000000000000000000e+00 0.000000000000000000e+00 0.000000000000000000e+00 0.000000000000000000e+00 0.000000000000000000e+00
0.000000000000000000e+00 0.000000000000000000e+00 7.386987910632662135e+00 1.281041334706997548e+00 2.562082669413995095e+00 5.124165338827990190e+00 1.024833067765598038e+01 2.049666135531196076e+01 4.099332271062392152e+01 0.000000000000000000e+00 0.000000000000000000e+00 0.000000000000000000e+00 0.000000000000000000e+00 0.000000000000000000e+00 0.000000000000000000e+00 0.000000000000000000e+00 0.000000000000000000e+00 0.000000000000000000e+00 0.000000000000000000e+00 0.000000000000000000e+00
0.000000000000000000e+00 0.000000000000000000e+00 0.000000000000000000e+00 2.562082669413995095e+00 5.124165338827990190e+00 1.024833067765598038e+01 2.049666135531196076e+01 4.099332271062392152e+01 8.198664542124784305e+01 0.000000000000000000e+00 0.000000000000000000e+00 0.000000000000000000e+00 0.000000000000000000e+00 0.000000000000000000e+00 0.000000000000000000e+00 0.000000000000000000e+00 0.000000000000000000e+00 0.000000000000000000e+00 0.000000000000000000e+00 0.000000000000000000e+00
0.000000000000000000e+00 0.000000000000000000e+00 0.000000000000000000e+00 0.000000000000000000e+00 2.058935575073996382e+00 4.117871150147992765e+00 8.235742300295985530e+00 1.647148460059197106e+01 3.294296920118394212e+01 4.932067967393701791e-01 9.864135934787403581e-01 1.972827186957480716e+00 3.945654373914961432e+00 7.891308747829922865e+00 1.578261749565984573e+01 3.156523499131969146e+01 0.000000000000000000e+00 0.000000000000000000e+00 0.000000000000000000e+00 0.000000000000000000e+00
0.000000000000000000e+00 0.000000000000000000e+00 0.000000000000000000e+00 0.000000000000000000e+00 0.000000000000000000e+00 8.235742300295985530e+00 1.647148460059197106e+01 3.294296920118394212e+01 6.588593840236788424e+01 9.864135934787403581e-01 1.972827186957480716e+00 3.945654373914961432e+00 7.891308747829922865e+00 1.578261749565984573e+01 3.156523499131969146e+01 6.313046998263938292e+01 0.000000000000000000e+00 0.000000000000000000e+00 0.000000000000000000e+00 0.000000000000000000e+00
0.000000000000000000e+00 0.000000000000000000e+00 0.000000000000000000e+00 0.000000000000000000e+00 0.000000000000000000e+00 0.000000000000000000e+00 3.294296920118394212e+01 6.588593840236788424e+01 1.317718768047357685e+02 1.972827186957480716e+00 3.945654373914961432e+00 7.891308747829922865e+00 1.578261749565984573e+01 3.156523499131969146e+01 6.313046998263938292e+01 1.262609399652787658e+02 0.000000000000000000e+00 0.000000000000000000e+00 0.000000000000000000e+00 0.000000000000000000e+00
0.000000000000000000e+00 0.000000000000000000e+00 0.000000000000000000e+00 0.000000000000000000e+00 0.000000000000000000e+00 0.000000000000000000e+00 0.000000000000000000e+00 1.317718768047357685e+02 2.635437536094715369e+02 3.945654373914961432e+00 7.891308747829922865e+00 1.578261749565984573e+01 3.156523499131969146e+01 6.313046998263938292e+01 1.262609399652787658e+02 2.525218799305575317e+02 0.000000000000000000e+00 0.000000000000000000e+00 0.000000000000000000e+00 0.000000000000000000e+00
0.000000000000000000e+00 0.000000000000000000e+00 0.000000000000000000e+00 0.000000000000000000e+00 0.000000000000000000e+00 0.000000000000000000e+00 0.000000000000000000e+00 0.000000000000000000e+00 5.270875072189430739e+02 7.891308747829922865e+00 1.578261749565984573e+01 3.156523499131969146e+01 6.313046998263938292e+01 1.262609399652787658e+02 2.525218799305575317e+02 5.050437598611150634e+02 0.000000000000000000e+00 0.000000000000000000e+00 0.000000000000000000e+00 0.000000000000000000e+00
0.000000000000000000e+00 0.000000000000000000e+00 0.000000000000000000e+00 0.000000000000000000e+00 0.000000000000000000e+00 0.000000000000000000e+00 0.000000000000000000e+00 0.000000000000000000e+00 0.000000000000000000e+00 1.578261749565984573e+01 3.156523499131969146e+01 6.313046998263938292e+01 1.262609399652787658e+02 2.525218799305575317e+02 5.050437598611150634e+02 1.010087519722230127e+03 0.000000000000000000e+00 0.000000000000000000e+00 0.000000000000000000e+00 0.000000000000000000e+00
0.000000000000000000e+00 0.000000000000000000e+00 0.000000000000000000e+00 0.000000000000000000e+00 0.000000000000000000e+00 0.000000000000000000e+00 0.000000000000000000e+00 0.000000000000000000e+00 0.000000000000000000e+00 0.000000000000000000e+00 2.902587940530457988e+00 5.805175881060915977e+00 1.161035176212183195e+01 2.322070352424366391e+01 4.644140704848732781e+01 9.288281409697465563e+01 1.937620555373585074e-01 3.875241110747170148e-01 7.750482221494340296e-01 1.550096444298868059e+00
0.000000000000000000e+00 0.000000000000000000e+00 0.000000000000000000e+00 0.000000000000000000e+00 0.000000000000000000e+00 0.000000000000000000e+00 0.000000000000000000e+00 0.000000000000000000e+00 0.000000000000000000e+00 0.000000000000000000e+00 0.000000000000000000e+00 1.161035176212183195e+01 2.322070352424366391e+01 4.644140704848732781e+01 9.288281409697465563e+01 1.857656281939493113e+02 3.875241110747170148e-01 7.750482221494340296e-01 1.550096444298868059e+00 3.100192888597736118e+00
0.000000000000000000e+00 0.000000000000000000e+00 0.000000000000000000e+00 0.000000000000000000e+00 0.000000000000000000e+00 0.000000000000000000e+00 0.000000000000000000e+00 0.000000000000000000e+00 0.000000000000000000e+00 0.000000000000000000e+00 0.000000000000000000e+00 0.000000000000000000e+00 4.644140704848732781e+01 9.288281409697465563e+01 1.857656281939493113e+02 3.715312563878986225e+02 7.750482221494340296e-01 1.550096444298868059e+00 3.100192888597736118e+00 6.200385777195472237e+00
0.000000000000000000e+00 0.000000000000000000e+00 0.000000000000000000e+00 0.000000000000000000e+00 0.000000000000000000e+00 0.000000000000000000e+00 0.000000000000000000e+00 0.000000000000000000e+00 0.000000000000000000e+00 0.000000000000000000e+00 0.000000000000000000e+00 0.000000000000000000e+00 0.000000000000000000e+00 1.857656281939493113e+02 3.715312563878986225e+02 7.430625127757972450e+02 1.550096444298868059e+00 3.100192888597736118e+00 6.200385777195472237e+00 1.240077155439094447e+01
0.000000000000000000e+00 0.000000000000000000e+00 0.000000000000000000e+00 0.000000000000000000e+00 0.000000000000000000e+00 0.000000000000000000e+00 0.000000000000000000e+00 0.000000000000000000e+00 0.000000000000000000e+00 0.000000000000000000e+00 0.000000000000000000e+00 0.000000000000000000e+00 0.000000000000000000e+00 0.000000000000000000e+00 7.430625127757972450e+02 1.486125025551594490e+03 3.100192888597736118e+00 6.200385777195472237e+00 1.240077155439094447e+01 2.480154310878188895e+01
0.000000000000000000e+00 0.000000000000000000e+00 0.000000000000000000e+00 0.000000000000000000e+00 0.000000000000000000e+00 0.000000000000000000e+00 0.000000000000000000e+00 0.000000000000000000e+00 0.000000000000000000e+00 0.000000000000000000e+00 0.000000000000000000e+00 0.000000000000000000e+00 0.000000000000000000e+00 0.000000000000000000e+00 0.000000000000000000e+00 2.972250051103188980e+03 6.200385777195472237e+00 1.240077155439094447e+01 2.480154310878188895e+01 4.960308621756377789e+01
0.000000000000000000e+00 0.000000000000000000e+00 0.000000000000000000e+00 0.000000000000000000e+00 0.000000000000000000e+00 0.000000000000000000e+00 0.000000000000000000e+00 0.000000000000000000e+00 0.000000000000000000e+00 0.000000000000000000e+00 0.000000000000000000e+00 0.000000000000000000e+00 0.000000000000000000e+00 0.000000000000000000e+00 0.000000000000000000e+00 0.000000000000000000e+00 1.240077155439094447e+01 2.480154310878188895e+01 4.960308621756377789e+01 9.920617243512755579e+01
0.000000000000000000e+00 0.000000000000000000e+00 0.000000000000000000e+00 0.000000000000000000e+00 0.000000000000000000e+00 0.000000000000000000e+00 0.000000000000000000e+00 0.000000000000000000e+00 0.000000000000000000e+00 0.000000000000000000e+00 0.000000000000000000e+00 0.000000000000000000e+00 0.000000000000000000e+00 0.000000000000000000e+00 0.000000000000000000e+00 0.000000000000000000e+00 0.000000000000000000e+00 3.585659321955030343e+00 7.171318643910060686e+00 1.434263728782012137e+01
0.000000000000000000e+00 0.000000000000000000e+00 0.000000000000000000e+00 0.000000000000000000e+00 0.000000000000000000e+00 0.000000000000000000e+00 0.000000000000000000e+00 0.000000000000000000e+00 0.000000000000000000e+00 0.000000000000000000e+00 0.000000000000000000e+00 0.000000000000000000e+00 0.000000000000000000e+00 0.000000000000000000e+00 0.000000000000000000e+00 0.000000000000000000e+00 0.000000000000000000e+00 0.000000000000000000e+00 1.434263728782012137e+01 2.868527457564024274e+01
0.000000000000000000e+00 0.000000000000000000e+00 0.000000000000000000e+00 0.000000000000000000e+00 0.000000000000000000e+00 0.000000000000000000e+00 0.000000000000000000e+00 0.000000000000000000e+00 0.000000000000000000e+00 0.000000000000000000e+00 0.000000000000000000e+00 0.000000000000000000e+00 0.000000000000000000e+00 0.000000000000000000e+00 0.000000000000000000e+00 0.000000000000000000e+00 0.000000000000000000e+00 0.000000000000000000e+00 0.000000000000000000e+00 5.737054915128048549e+01
0.000000000000000000e+00 0.000000000000000000e+00 0.000000000000000000e+00 0.000000000000000000e+00 0.000000000000000000e+00 0.000000000000000000e+00 0.000000000000000000e+00 0.000000000000000000e+00 0.000000000000000000e+00 0.000000000000000000e+00 0.000000000000000000e+00 0.000000000000000000e+00 0.000000000000000000e+00 0.000000000000000000e+00 0.000000000000000000e+00 0.000000000000000000e+00 0.000000000000000000e+00 0.000000000000000000e+00 0.000000000000000000e+00 0.000000000000000000e+00
