0.000000000000000000e+00
0.000000000000000000e+00
0.000000000000000000e+00
0.000000000000000000e+00
2.645751311064590716e+00
3.000000000000000000e+00
4.795831523312719114e+00
5.744562646538028616e+00
8.366600265340755627e+00
1.048808848170151542e+01
1.296148139681572076e+01
1.624807680927192166e+01
1.805547008526778896e+01
2.133072900770154234e+01
2.282542442102665348e+01
2.368543856465402087e+01
2.489979919597746516e+01
2.475883680627989492e+01
2.406241883103193047e+01
2.441311123146740414e+01
2.451530134426252516e+01
2.459674775249768786e+01
2.487971060924945732e+01
2.561249694973139412e+01
2.376972864800942631e+01
2.310844001658268709e+01
2.116601048851672573e+01
1.838477631085023489e+01
1.667333200053306541e+01
1.311487704860400072e+01
9.949874371066199430e+00
7.681145747868607820e+00
6.000000000000000000e+00
4.123105625617660586e+00
3.741657386773941329e+00
1.732050807568877193e+00
0.000000000000000000e+00
0.000000000000000000e+00
0.000000000000000000e+00
0.000000000000000000e+00
