0.000000000000000000e+00
0.000000000000000000e+00
0.000000000000000000e+00
0.000000000000000000e+00
7.000000000000000000e+00
9.000000000000000000e+00
2.300000000000000000e+01
3.300000000000000000e+01
7.000000000000000000e+01
1.100000000000000000e+02
1.680000000000000000e+02
2.640000000000000000e+02
3.260000000000000000e+02
4.550000000000000000e+02
5.210000000000000000e+02
5.610000000000000000e+02
6.200000000000000000e+02
6.130000000000000000e+02
5.790000000000000000e+02
5.960000000000000000e+02
6.010000000000000000e+02
6.050000000000000000e+02
6.190000000000000000e+02
6.560000000000000000e+02
5.650000000000000000e+02
5.340000000000000000e+02
4.480000000000000000e+02
3.380000000000000000e+02
2.780000000000000000e+02
1.720000000000000000e+02
9.900000000000000000e+01
5.900000000000000000e+01
3.600000000000000000e+01
1.700000000000000000e+01
1.400000000000000000e+01
3.000000000000000000e+00
0.000000000000000000e+00
0.000000000000000000e+00
0.000000000000000000e+00
0.000000000000000000e+00
