0.000000000000000000e+00
0.000000000000000000e+00
0.000000000000000000e+00
1.000000000000000000e+00
0.000000000000000000e+00
5.000000000000000000e+00
1.200000000000000000e+01
3.500000000000000000e+01
5.700000000000000000e+01
1.260000000000000000e+02
2.570000000000000000e+02
4.320000000000000000e+02
7.160000000000000000e+02
9.550000000000000000e+02
1.203000000000000000e+03
1.293000000000000000e+03
1.329000000000000000e+03
1.266000000000000000e+03
1.160000000000000000e+03
1.126000000000000000e+03
1.147000000000000000e+03
1.148000000000000000e+03
1.310000000000000000e+03
1.406000000000000000e+03
1.354000000000000000e+03
1.160000000000000000e+03
9.300000000000000000e+02
7.090000000000000000e+02
4.190000000000000000e+02
2.260000000000000000e+02
1.180000000000000000e+02
6.500000000000000000e+01
2.600000000000000000e+01
6.000000000000000000e+00
2.000000000000000000e+00
0.000000000000000000e+00
1.000000000000000000e+00
0.000000000000000000e+00
0.000000000000000000e+00
0.000000000000000000e+00
