0.000000000000000000e+00
0.000000000000000000e+00
0.000000000000000000e+00
0.000000000000000000e+00
0.000000000000000000e+00
1.000000000000000000e+00
2.236067977499789805e+00
3.605551275463989125e+00
4.795831523312719114e+00
8.485281374238569541e+00
1.090871211463571377e+01
1.489966442575133954e+01
1.860107523773827509e+01
2.135415650406262245e+01
2.461706725018234110e+01
2.613426869074395853e+01
2.525866188063017859e+01
2.594224354214569317e+01
2.418677324489564739e+01
2.336664289109584658e+01
2.328089345364563201e+01
2.397915761656359734e+01
2.590366769397723701e+01
2.586503431275512455e+01
2.586503431275512455e+01
2.439262183530093608e+01
2.213594362117865444e+01
1.928730152198590986e+01
1.403566884761819900e+01
1.053565375285273831e+01
8.246211251235321171e+00
5.656854249492380582e+00
3.316624790355399810e+00
2.645751311064590716e+00
1.414213562373095145e+00
0.000000000000000000e+00
1.000000000000000000e+00
0.000000000000000000e+00
0.000000000000000000e+00
0.000000000000000000e+00
